


[-363118776 -627825992  979585462  468386578  589231236 -378434410
  754840876 1006763604 -137473111  -74570943 -617044684 1043319673
 -704873169  400828913  964856017 1125463323 1050375782  -44559632
 1061474296  912200666 -958804768   -7209971   51310014  823578653
 -647858732 -933273138  104848391  616602371  407903372  358030807
  329266764  727058348  211354870 -182663834 -496800714  482959685]
34321507.49397656

[ -32002170  118539478 -750436909  150260592  752063234 1070644449
  592884274  900744932 -621198374 -250999158 -998013827 1264577217
 -573244795 -471698815 -900724399 1073055303 1322579591 1278707118
  778016685 1156704496  126806652 -246916019  249123151 -961347989
 -882889829 -315230852 -530138232 1022402357   38277759 -712748801
  581725135  189007669 -105585334 -241304635 -640577178  791185342]
33482744.832381602

[-757190542  -93236430  898187202  786474523  314589846 -892065097
  847607979  880412698  422319991  -40923173 -515947979 1240500027
  -62641477 -184400510 1370015931  556005618 1312263998 1252976378
 1306887220 1448320329  888137487 -417031121 -554123453  205003869
 -808287738 -765976285  787233722 1386530139 -118766113 -610630727
  464253261  555998728 -995772506 -386848768  148699317  474166467]
29599963.121661827


[-796884508  -99020481  939687869  804447150  324745724 -896024713
  845823852  865654421  384112591  -39786084 -534889947 1252074889
  -92548499 -133315188 1385525388  553092963 1460764686 1255443335
 1157143976 1444671683  878548786 -467572400 -574664524  312405194
 -841665362 -761622148  810032503 1385198454 -175736525 -635786660
  458676663  592854200 -931621121 -348923279  152064408  479300577]
28382262.20776359

[-548022857  -70998970  895332759  620154544  333055399 -931119184
  834338171  791064502  403377985 -172439889 -432750210 1373164921
  -16349465 -139266082  565409707  619029027 1339786494 1266036735
 1008500079 1440391838  917826253 -497648503 -561337441  265226578
 -810696530 -764498103  741407217 1040966340 -156301737 -734373290
  451411669  368807637 -969060268 -344056042  139629552  359282519]
18575108.777721982

[-553237191  -72988900  896282644  630278119  330916257 -913259594
  835006807  792579107  398763799 -174661309 -430944459 1365444649
  -31152359 -168970825  545096213  623365315 1337482966 1292095305
 1009276046 1440402340  923912129 -494514003 -563048972  272626139
 -789518152 -764269707  640942617 1040544490 -121963352 -623176087
  451938297  369611008 -965843352 -342024039  139917954  276005140]
18493101.919884488


[-542760874  -88311460  905236042  620997655  341884961 -881463849
  834194234  779957851  419702081 -190039857 -427388049 1116498994
  -36557432 -171405207  280745199  623441477 1362318470 1221365644
  961300952 1440332257  872582258 -498853984 -556264532  325878108
 -823792029 -761709346  350408358 1026814108 -125507265 -635858803
  455073722  402563575 -942060200 -341434461  111930652  352853152]
17651409.14775417

[-537526898  -90506485  908048024  619457733  351798517 -880628504
  829594192  771412851  403170503 -161230879 -432198509  875196054
  -30297489 -167270854   38696592  653917308 1406218338 1358252944
  962876530 1441300850  867430015 -502737362 -538937897  364549531
 -795918852 -758746100  784396982  951695801 -127113288 -658096182
  457852412  384841263 -930794966 -342493767  110095304   97444272]
16698904.052855786


[-541143458  -89580698  922314571  556668204  351329127 -799087600
  813463650  761338133  852587129 -199506390 -453136782  691779864
  -33975462 -172055786  250321380  627055193 1407704870 1262014733
  967280594 1440307378  875821912 -499362426 -521719944  273436256
 -804329208 -728099489  741491496 1002368533  -65931835 -644346291
  479080596  350147399 -908101175 -345280756   42372194   61743764]
15802547.562642591


[-452443139  -64601071  630466110  653424607  475991251 -394117555
  740874162  744907146  377488284 -259502986 -468935565 1394371881
   19189461 -135635671  931232331  648373545 1430093232  846430346
 1104818314 1440531778  837515974 -436520085 -452678132  350059152
 -814823523 -715199904  889979702 1067503474 -220978356 -636216768
  399645608  436461189 -921618924 -331307874  -42043067  502306889]
15665887.782722928


[-533259555 -119098439  976775940  596169124  384018155  -40291431
  758137488  719779064  589571320 -208443690 -380375784  719986841
  -51319273 -132751672  154143349  637163756 1409618961 1409465237
  947444408 1440267568  926198994 -397688103 -510985165  275075808
 -784943916 -712558568  823812804  990882191   -6014050 -679097711
  488032137  345799259 -912711659 -334803114  -19782316  254744979]
12968789.452060351


[-475597631 -160300966  738590983  572536388  454388396   95170570
  771762299  698157497  597869975 -236810801 -353488816  991801662
  -95449670 -151414920  236053286  671809500 1383821914 1292781515
  910519713 1432084819  732801212 -403504593 -465806538   49333969
 -832390438 -623603281  789517514  968855127  -42164862 -492263953
  514891616  327197670 -888092514 -301154861  -58134801  480449810]
10163938.854595914


-479679111 -155502791  746989462  572161315  450079171   93281614
  746106303  689678591  592908795 -229436197 -353172502  969118012
 -111535191 -148744570  312670349  718774183 1382077173 1291127473
  906675679 1435619825  773833746 -411954996 -468289450   50191477
 -828102149 -638683853  774675102  961777487  -38587627 -571899594
  514037507  335587235 -876311629 -313186465  -65922740  438964028]
9943948.719709612


[-483833027 -158939837  730815679
  563397249  453061902   93874308
  747681964  683416603  595904478
 -233264917 -354516348  950213464
 -103626619 -146665400  203958484
  722966785 1377745124 1292018610
  905768824 1433451615  773549537
 -406390373 -462179870   48356612
 -827919329 -632559610  777841778
  964658931  -41499605 -531666336
  513830898  335633009 -881210803
 -312475968  -57526074  405949713]
9871407.153776206

        growthParameters[0,:] = -0.04,-0.03,0.07
        growthParameters[1,:] = 0.05,0.08,0.04
        growthParameters[2,:] = 0.08,0.06,0.08
        growthParameters[3,:] = -0.03,-0.04,0.07
		
        growthParameters[4,:] = -0.02,-0.02,0.06
        growthParameters[5,:] = 0.08,0.13,0.06
        growthParameters[6,:] = 0.09,0.14,0.05
        growthParameters[7,:] = -0.03,-0.03,0.04
		
        growthParameters[8,:] = -0.08,-0.06,0.06
        growthParameters[9,:] = 0.09,0.01,-0.06
        growthParameters[10,:] = 0.06,0.03,-0.05
        growthParameters[11,:] = -0.03,-0.02,0.04	
