Answer 


[ 434234323 -323395136  908962691  453895326  825788942  770879294
  844199056  168279650  892605585  261001001 -373777535  593732219]* 1e-10
972524.2266422359


[ 0.04342343 -0.03233951  0.09089627  0.04538953  0.08257889  0.07708793
  0.08441991  0.01682797  0.08926056  0.0261001  -0.03737775  0.05937322]  objective  972524.2266422359


        #growthRate= np.ones((4,3))*0.01
forward 
        #growthParameters[0,:] = 0.04,-0.03,0.07
        #growthParameters[1,:] = 0.05,0.08,0.09
        #growthParameters[2,:] = 0.08,0.02,0.08
        #growthParameters[3,:] = 0.03,-0.04,0.07
optimised
        growthParameters[0,:] = 0.04342343, -0.03233951,  0.09089627  ,  0.04,-0.03,0.07
        growthParameters[1,:] = 0.04538953,  0.08257889,  0.07708793  , 0.05,0.08,0.09
        growthParameters[2,:] = 0.08441991,  0.01682797,  0.08926056 ,    0.08,0.02,0.08
        growthParameters[3,:] = 0.0261001,  -0.03737775,  0.05937322 ,  0.03,-0.04,0.07
 
        # [ 0.04342343 -0.03233951  0.09089627  0.04538953  0.08257889  0.07708793    0.08441991  0.01682797  0.08926056  0.0261001  -0.03737775  0.05937322]  objective  972524.2266422359
