



 266045102  -10813938  299653523  597836425  649527402  131177699
  735872397  423549128  645234149  399165577 -609332720  715456632
  306667028  119821763  712688068  141977189  365078452  246335383
  669679793  278323139 1282170605   90044160  418262085 1499999831
  727192143  202364679 1164420185 1101171201 -284233745 -206863814
 -884956266  494506271 -932485804 -176539401  -79576453  430092901]   15165863.421054877

[ 227149202 -125932678  432034704
  665200659  753059519  881315545
  663789372  229320013 1395989342
  426672896 -338522077   73764268
  207252743  103585538  363723794
  225355863  321039581  812272573
  507897692  330594696  639178956
  360010400  270304131  -54858428
  798674733  219056055  383357738
  826789362  129084855 -748694301
 -586482214  431757934 -515873401
 -338233714  254658753  363897814]   9202321.073071495

