


           growthParameters[0,:] = 0.04282, -0.02991,  0.05352    # 0.04,-0.03,0.07
        growthParameters[1,:] = 0.04778,  0.08070,  0.08087    # 0.05,0.08,0.09
        growthParameters[2,:] = 0.08286,  0.01978,  0.09350    # 0.08,0.02,0.08
        growthParameters[3,:] = 0.02980, -0.04805,  0.010771   # 0.03,-0.04,0.07		
        growthParameters[4,:] = 0.02120,  0.02057,  0.06173    # 0.02,0.02,0.06
        growthParameters[5,:] = 0.02186,  0.02861,  0.06770    # 0.02,0.03,0.06
        growthParameters[6,:] = 0.05891,  0.04475,  0.05879    # 0.06,0.04,0.05
        growthParameters[7,:] = 0.02704,  0.03644,  0.03730    # 0.03,0.03,0.04
		
        # [ 4282 -2991  5352  4778  8070  8087  8286  1978  9350  2980 -4805 10771   2120  2057  6173  2186  2861  6770  5891  4475  5879  2704  3644  3730] 2648301.5010528434	